# Thickness[m] 	 Eta as fraction for Flat scatterer with Qi = 1.0, 0.01, 1E-4, 1E-6
1.000000000000000021e-08 3.491289342221372272e-02 3.025063075207052796e-02 2.763239267872026617e-02 2.502395603472568411e-02
1.389495494373138813e-08 4.528412459078653973e-02 3.923026090080007633e-02 3.583029650474810202e-02 3.244358196705603159e-02
1.930697728883249575e-08 5.762212463078755093e-02 4.990764913509278256e-02 4.557565587316850242e-02 4.126013030735108805e-02
2.682695795279727165e-08 7.174755730567877743e-02 6.212551547995615042e-02 5.672146838261243190e-02 5.133879218000260425e-02
3.727593720314937660e-08 8.728682923603178767e-02 7.555400942109830043e-02 6.896700676592053270e-02 6.240498722435689621e-02
5.179474679231212409e-08 1.037367535460785029e-01 8.975653888534318448e-02 8.190871985852035686e-02 7.409117967887443590e-02
7.196856730011513376e-08 1.205600072655369365e-01 1.042643968732027832e-01 9.511798933985793347e-02 8.600644202288729168e-02
9.999999999999999547e-08 1.372506544099049430e-01 1.186355343768066284e-01 1.081886282137162897e-01 9.778543801793006252e-02
1.389495494373135967e-07 1.533446980573290874e-01 1.324683715768907866e-01 1.207565990449894489e-01 1.090924916479777546e-01
1.930697728883249708e-07 1.684513565886567865e-01 1.454212115460744026e-01 1.325087556146116174e-01 1.196475261002844792e-01
2.682695795279727496e-07 1.822887731628968500e-01 1.572516617734492361e-01 1.432225694385966808e-01 1.292520686568328914e-01
3.727593720314938057e-07 1.947426566977755735e-01 1.678571015990716342e-01 1.528086107979408914e-01 1.378235962471358877e-01
5.179474679231212542e-07 2.058451674316044699e-01 1.772657411363292579e-01 1.612944027742382880e-01 1.453859965976070368e-01
7.196856730011514170e-07 2.157076162276330422e-01 1.855780279348014372e-01 1.687649132089857895e-01 1.520247444336376708e-01
9.999999999999999547e-07 2.244568203911009030e-01 1.928922370354154980e-01 1.753225396685923476e-01 1.578238200541228209e-01
1.389495494373135967e-06 2.322006988256194171e-01 1.993000314246852478e-01 1.810452400983859622e-01 1.628652814282393335e-01
1.930697728883249761e-06 2.390285487286642752e-01 2.048802662555348486e-01 1.860024546450817773e-01 1.672075285133548528e-01
2.682695795279727390e-06 2.450304317005106980e-01 2.096953516578230481e-01 1.902596616326845957e-01 1.709084820089407930e-01
3.727593720314938057e-06 2.502831519177665109e-01 2.138082957271726925e-01 1.938742218421841690e-01 1.740238254412414531e-01
5.179474679231202166e-06 2.548620553352480278e-01 2.172790985982394063e-01 1.968990307344817559e-01 1.766045137857606417e-01
7.196856730011513747e-06 2.588385800180796892e-01 2.201630910834308508e-01 1.993853314453168379e-01 1.786950443833267288e-01
1.000000000000000082e-05 2.622757955595795276e-01 2.225104451956839702e-01 2.013795818900096235e-01 1.803381608046552287e-01
1.389495494373136094e-05 2.652364543554986964e-01 2.243681417156412339e-01 2.029252510966436385e-01 1.815738194014640539e-01
1.930697728883249591e-05 2.677721711422216821e-01 2.257818623935496094e-01 2.040645404838193899e-01 1.824407398145960757e-01
2.682695795279727390e-05 2.699431772999352774e-01 2.267990122353386595e-01 2.048411218676827183e-01 1.829788589809347721e-01
3.727593720314938141e-05 2.718087747332250670e-01 2.274733766401755841e-01 2.053043438756148309e-01 1.832330872104923070e-01
5.179474679231202335e-05 2.734462016600832102e-01 2.278677964525256117e-01 2.055116277999134711e-01 1.832554252957576402e-01
7.196856730011514085e-05 2.749296012949973278e-01 2.280314200417819792e-01 2.055078748689994628e-01 1.830865272567090973e-01
1.000000000000000048e-04 2.762434224356987711e-01 2.279373426434277150e-01 2.052691833784545117e-01 1.827054948733554673e-01
1.389495494373135993e-04 2.772837150798175276e-01 2.274765820073089140e-01 2.046976561485396029e-01 1.820255160293127450e-01
1.930697728883249591e-04 2.779456506861070486e-01 2.265694126176737710e-01 2.037220822934120990e-01 1.809838937420038540e-01
2.682695795279721766e-04 2.782550577726354835e-01 2.252696869321885453e-01 2.023923533062701730e-01 1.796279892947550694e-01
3.727593720314937870e-04 2.783505042341469782e-01 2.237376515463806170e-01 2.008571707620485647e-01 1.780871670588007605e-01
5.179474679231213042e-04 2.783674518367085238e-01 2.221208556705588644e-01 1.992458467876096484e-01 1.764786751059034819e-01
7.196856730011514085e-04 2.783688812355565867e-01 2.204919944098183704e-01 1.976193001678712979e-01 1.748567836346797688e-01
1.000000000000000021e-03 2.783689254301056626e-01 2.188611475131601869e-01 1.959910578191920438e-01 1.732335318388920631e-01
