# Thickness[m] 	 Eta as fraction for Lambertian scatterer with Qi = 1.0, 0.01, 1E-4, 1E-6
1.000000000000000021e-08 1.277353156083378405e-01 1.155206724794075740e-01 1.057623949374837530e-01 9.603592334629361404e-02
1.389495494373138813e-08 1.416395069763465853e-01 1.280286528011717051e-01 1.171717131140265072e-01 1.063478276987351034e-01
1.930697728883249575e-08 1.551299027233124517e-01 1.401417124958173610e-01 1.282072671603409209e-01 1.163094096431578073e-01
2.682695795279727165e-08 1.680180276466227973e-01 1.516866792674204656e-01 1.387103822460563629e-01 1.257749781939580536e-01
3.727593720314937660e-08 1.801620428576461985e-01 1.625310618634439597e-01 1.485598897949806929e-01 1.346383688106040644e-01
5.179474679231212409e-08 1.914669761582697416e-01 1.725835678177692067e-01 1.576783569004941987e-01 1.428234272043610309e-01
7.196856730011513376e-08 2.018809319764027499e-01 1.817956760771767544e-01 1.660155983438315053e-01 1.502872861814048278e-01
9.999999999999999547e-08 2.113876623627427287e-01 1.901468919868724017e-01 1.735562427181136236e-01 1.570232514627448450e-01
1.389495494373135967e-07 2.199981991876430731e-01 1.976431173173693601e-01 1.803047753469848857e-01 1.630286722500822738e-01
1.930697728883249708e-07 2.277442409126328171e-01 2.043037731855833761e-01 1.862866306984021503e-01 1.683299942422885886e-01
2.682695795279727496e-07 2.346723918067053771e-01 2.101720520906447121e-01 1.915321867031314906e-01 1.729594492705495146e-01
3.727593720314938057e-07 2.408411396822562056e-01 2.152926849733845516e-01 1.960869783109912556e-01 1.769558609312874287e-01
5.179474679231212542e-07 2.463126459145211777e-01 2.197177301067910760e-01 2.000036478205609036e-01 1.803656847958538534e-01
7.196856730011514170e-07 2.511476288825222336e-01 2.235012737664356097e-01 2.033308866675966609e-01 1.832354159404561145e-01
9.999999999999999547e-07 2.554109332594777237e-01 2.266953431160566024e-01 2.061151957590262040e-01 1.856119684104318990e-01
1.389495494373135967e-06 2.591547875415351476e-01 2.293498269133302236e-01 2.084029018786552334e-01 1.875354583318470381e-01
1.930697728883249761e-06 2.624433464607504596e-01 2.315123117036135547e-01 2.102381469229853972e-01 1.890460661005130549e-01
2.682695795279727390e-06 2.653219612332122779e-01 2.332262294832811445e-01 2.116612050869259021e-01 1.901808919119864771e-01
3.727593720314938057e-06 2.678353107216525641e-01 2.345277135543366587e-01 2.127056325473259679e-01 1.909709001844923371e-01
5.179474679231202166e-06 2.700236298902665699e-01 2.354433274618198124e-01 2.133962220594033676e-01 1.914390995531967676e-01
7.196856730011513747e-06 2.718971281450372479e-01 2.359912215195957841e-01 2.137500787076644926e-01 1.916015380607389018e-01
1.000000000000000082e-05 2.734792535829733695e-01 2.361862860530604402e-01 2.137813193879733731e-01 1.914715499485166450e-01
1.389495494373136094e-05 2.747794017002095912e-01 2.360467521006769376e-01 2.135070674661269652e-01 1.910651457049733215e-01
1.930697728883249591e-05 2.758204783296814844e-01 2.355987014930155110e-01 2.129515294789397217e-01 1.904065784318596244e-01
2.682695795279727390e-05 2.766253343757614780e-01 2.348767273406548728e-01 2.121473328391743907e-01 1.895242835021252459e-01
3.727593720314938141e-05 2.772254865194804241e-01 2.339212821228613681e-01 2.111338404029081683e-01 1.884511742506652376e-01
5.179474679231202335e-05 2.776598600150625984e-01 2.327747502077080199e-01 2.099471090788428973e-01 1.872223143404722900e-01
7.196856730011514085e-05 2.779643577145823885e-01 2.314783496394619000e-01 2.086233327263076198e-01 1.858704325421461911e-01
1.000000000000000048e-04 2.781636950350654391e-01 2.300666664716000398e-01 2.071923624900985084e-01 1.844224924579870861e-01
1.389495494373135993e-04 2.782814619082335517e-01 2.285633288227411630e-01 2.056784805459499765e-01 1.829004042119823370e-01
1.930697728883249591e-04 2.783399511971965667e-01 2.269938848942913978e-01 2.041049009915675005e-01 1.813250549068506634e-01
2.682695795279721766e-04 2.783622145154888150e-01 2.253842628610819576e-01 2.024954137972677648e-01 1.797197287535616805e-01
3.727593720314937870e-04 2.783679836612938385e-01 2.237562138699635550e-01 2.008738546502964462e-01 1.781020042579105900e-01
5.179474679231213042e-04 2.783688596608522858e-01 2.221223388073045590e-01 1.992471802800210023e-01 1.764798598626686477e-01
7.196856730011514085e-04 2.783689239971972040e-01 2.204920391197448537e-01 1.976193403601714249e-01 1.748568193092417955e-01
1.000000000000000021e-03 2.783689257681501439e-01 2.188611478641436792e-01 1.959910581344620206e-01 1.732335321184478583e-01
