# Thickness[m] 	 Eta as fraction for Flat scatterer with Qi = 1.0, 0.01, 1E-4, 1E-6
1.000000000000000021e-08 2.301084238183531347e-02 1.846667075046925025e-02 1.567760135491164802e-02 1.291218476601368147e-02
1.389495494373138813e-08 3.088297366452463777e-02 2.477861105185613644e-02 2.103286443625127650e-02 1.731774793994051223e-02
1.930697728883249575e-08 4.097713622329408195e-02 3.286839858982056051e-02 2.789176199384202359e-02 2.295757452195978238e-02
2.682695795279727165e-08 5.359538055862036326e-02 4.297321408695287809e-02 3.645398241400681083e-02 2.999101714068849386e-02
3.727593720314937660e-08 6.889446142938393525e-02 5.521299040385341250e-02 4.681710206444687078e-02 3.849301478215592237e-02
5.179474679231212409e-08 8.680287702774548697e-02 6.952213625218683912e-02 5.891769784530536541e-02 4.840584734111784415e-02
7.196856730011513376e-08 1.069789641071513253e-01 8.561614146492368960e-02 7.251065560529626475e-02 5.951590881298832875e-02
9.999999999999999547e-08 1.288535916879849363e-01 1.030274339878182038e-01 8.718425381049099698e-02 7.147909851480097054e-02
1.389495494373135967e-07 1.516946164722718926e-01 1.211590945746833375e-01 1.024305130730318453e-01 8.386638208591105925e-02
1.930697728883249708e-07 1.747031505936914308e-01 1.393616427923567436e-01 1.176940931383345101e-01 9.621436129306783214e-02
2.682695795279727496e-07 1.970648222453224574e-01 1.569789154852014867e-01 1.324042505252106816e-01 1.080533462648791687e-01
3.727593720314938057e-07 2.179851946034469246e-01 1.733700724171889085e-01 1.460322864500376294e-01 1.189418703482356260e-01
5.179474679231212542e-07 2.368522159681886730e-01 1.880480572069230250e-01 1.581601631660718155e-01 1.285467366517768217e-01
7.196856730011514170e-07 2.533692407331669671e-01 2.007788205260231940e-01 1.685911699909241890e-01 1.367100435421255700e-01
9.999999999999999547e-07 2.675794497097672142e-01 2.115990716046524944e-01 1.773773254667209975e-01 1.434788676361728188e-01
1.389495494373135967e-06 2.797147463132437228e-01 2.207019997065026717e-01 1.846694054625675763e-01 1.489845383279927715e-01
1.930697728883249761e-06 2.899976837132622332e-01 2.282557615962846620e-01 1.906256675140426404e-01 1.533629786390454108e-01
2.682695795279727390e-06 2.985401729197888487e-01 2.343671605598262597e-01 1.953310578730988178e-01 1.566919641348273884e-01
3.727593720314938057e-06 3.054847487951256602e-01 2.391198790674408381e-01 1.988824093234579371e-01 1.590534984987931055e-01
5.179474679231202166e-06 3.110212680040370659e-01 2.426838461522656532e-01 2.014105094365034598e-01 1.605594660424942144e-01
7.196856730011513747e-06 3.155052523179772694e-01 2.453212910775019739e-01 2.031347370925690732e-01 1.613928144857199320e-01
1.000000000000000082e-05 3.192875911378280085e-01 2.473019802963555835e-01 2.042925100172577335e-01 1.617603491664899584e-01
1.389495494373136094e-05 3.226493440300376436e-01 2.488315975378489198e-01 2.050652321672404299e-01 1.617927844669354576e-01
1.930697728883249591e-05 3.256980209613578037e-01 2.499772494389648214e-01 2.055032698195171648e-01 1.615375432916703879e-01
2.682695795279727390e-05 3.283896491820131880e-01 2.506925503472938188e-01 2.055686685352210441e-01 1.609677749526850221e-01
3.727593720314938141e-05 3.306410692093453285e-01 2.509093194033203966e-01 2.052073052817730836e-01 1.600434153595103604e-01
5.179474679231202335e-05 3.324235949446103233e-01 2.506085050303099582e-01 2.044061898109411912e-01 1.587575339503830008e-01
7.196856730011514085e-05 3.337970794725236834e-01 2.498248590825236648e-01 2.031967968772429023e-01 1.571431031842712156e-01
1.000000000000000048e-04 3.348171161531299234e-01 2.486174316434430209e-01 2.016303209342308889e-01 1.552399292684268350e-01
1.389495494373135993e-04 3.355481167225148886e-01 2.470467486526538303e-01 1.997587536074859338e-01 1.530895030555703140e-01
1.930697728883249591e-04 3.360355717610285509e-01 2.451670551665578179e-01 1.976285268245669136e-01 1.507305926997044576e-01
2.682695795279721766e-04 3.363262745944648469e-01 2.430353603541595686e-01 1.952878980297237943e-01 1.482028727472601004e-01
3.727593720314937870e-04 3.364858794372051487e-01 2.407372375503173123e-01 1.928077513659826603e-01 1.455628155078484420e-01
5.179474679231213042e-04 3.366269239800329105e-01 2.383786722377389256e-01 1.902746210023903706e-01 1.428778709156340032e-01
7.196856730011514085e-04 3.368764752757585357e-01 2.360141469258676405e-01 1.877325836715800500e-01 1.401819236962217885e-01
1.000000000000000021e-03 3.372276868138777139e-01 2.335983629286070562e-01 1.851452385857805527e-01 1.374473473599748530e-01
