# Thickness[m] 	 Eta as fraction for Lambertian scatterer with Qi = 1.0, 0.01, 1E-4, 1E-6
1.000000000000000021e-08 8.374294973420041976e-02 7.087904102238729021e-02 6.060224340995372383e-02 5.040285807664877243e-02
1.389495494373138813e-08 1.008030449829004915e-01 8.525638398112396488e-02 7.284504746859371549e-02 6.052178178394872904e-02
1.930697728883249575e-08 1.191985696936635197e-01 1.007340892158723050e-01 8.599904732891133774e-02 7.136883112533233542e-02
2.682695795279727165e-08 1.385133331130149470e-01 1.169536339869274300e-01 9.975163748949671116e-02 8.267850024684451904e-02
3.727593720314937660e-08 1.582703723334648593e-01 1.335002564795033930e-01 1.137480218082951161e-01 9.414683969941935182e-02
5.179474679231212409e-08 1.779615230864341757e-01 1.499376624995740481e-01 1.276117388876288339e-01 1.054545732361434757e-01
7.196856730011513376e-08 1.971051212774376782e-01 1.658553401035237074e-01 1.409899118530443529e-01 1.163128769728180162e-01
9.999999999999999547e-08 2.152751535727514820e-01 1.808924368141238415e-01 1.535704486483960296e-01 1.264602062705023899e-01
1.389495494373135967e-07 2.321408479362494504e-01 1.947604937185773433e-01 1.651131894697087932e-01 1.356973864299158561e-01
1.930697728883249708e-07 2.474707240696207566e-01 2.072663304775628490e-01 1.754498766222530037e-01 1.438882462146704178e-01
2.682695795279727496e-07 2.611306795385640589e-01 2.182915678096767065e-01 1.844873540070857965e-01 1.509677543840385050e-01
3.727593720314938057e-07 2.730792694764632711e-01 2.277895739595990898e-01 1.922031373882966965e-01 1.569094358668699507e-01
5.179474679231212542e-07 2.833647001941442811e-01 2.358178611093950383e-01 1.986214169430585430e-01 1.617495879841085449e-01
7.196856730011514170e-07 2.921278860479755157e-01 2.424590153766573997e-01 2.038481098226063715e-01 1.655734876424154178e-01
9.999999999999999547e-07 2.995417733201984345e-01 2.478698884098982924e-01 2.080057229137482200e-01 1.684942046491340328e-01
1.389495494373135967e-06 3.058077961331976402e-01 2.522170484217053366e-01 2.112316591709342550e-01 1.706240406967576839e-01
1.930697728883249761e-06 3.111120497966672893e-01 2.556390273074857222e-01 2.136591759520159173e-01 1.720791594862131901e-01
2.682695795279727390e-06 3.156114038638787034e-01 2.582609385207269015e-01 2.154017020943309602e-01 1.729557320578665180e-01
3.727593720314938057e-06 3.194349381706290125e-01 2.601869263426034862e-01 2.165408908349527595e-01 1.733220060219010095e-01
5.179474679231202166e-06 3.226924101649794041e-01 2.615052581329111447e-01 2.171538498989143418e-01 1.732439008334416830e-01
7.196856730011513747e-06 3.254856007759985292e-01 2.622890327152854750e-01 2.173045056216028337e-01 1.727761344960181411e-01
1.000000000000000082e-05 3.278623478342317932e-01 2.625975832517722930e-01 2.170418494843845691e-01 1.719609596721179134e-01
1.389495494373136094e-05 3.298713720688126738e-01 2.624645035515338343e-01 2.163998469363388744e-01 1.708287030768844139e-01
1.930697728883249591e-05 3.315408242078510814e-01 2.619155608941091118e-01 2.154022933404622087e-01 1.694062594180736070e-01
2.682695795279727390e-05 3.328804911899831409e-01 2.609767225116398359e-01 2.140728220262503034e-01 1.677084429402422860e-01
3.727593720314938141e-05 3.339273779075329629e-01 2.596850134437146407e-01 2.124440361289199053e-01 1.657635893591943577e-01
5.179474679231202335e-05 3.347374596759452037e-01 2.580894471130102952e-01 2.105581432043008572e-01 1.636073504358863673e-01
7.196856730011514085e-05 3.353604243525920015e-01 2.562416882946321195e-01 2.084591691656462464e-01 1.612764031118048003e-01
1.000000000000000048e-04 3.358648568537743184e-01 2.541848932720627285e-01 2.061838045093964955e-01 1.588012285946945878e-01
1.389495494373135993e-04 3.362856936639043726e-01 2.519476484312929143e-01 2.037565526006688554e-01 1.562024246179966047e-01
1.930697728883249591e-04 3.366680753081027211e-01 2.495442417024898163e-01 2.011901073128853912e-01 1.534911831482992095e-01
2.682695795279721766e-04 3.370075709881297787e-01 2.469816895095488241e-01 1.984899949884224579e-01 1.506730674964465444e-01
3.727593720314937870e-04 3.373080995560817086e-01 2.442652724326317415e-01 1.956613722778472453e-01 1.477533582189241301e-01
5.179474679231213042e-04 3.375835681941889432e-01 2.414016659489278960e-01 1.927117856395241524e-01 1.447391678537455206e-01
7.196856730011514085e-04 3.378070786409003157e-01 2.383985366286795471e-01 1.896484688131412910e-01 1.416373399856702686e-01
1.000000000000000021e-03 3.379917372749428606e-01 2.352629457067037244e-01 1.864781461493816572e-01 1.384543044382811339e-01
