# Thickness[m] 	 Eta as fraction for Flat scatterer with Qi = 1.0, 0.01, 1E-4, 1E-6
1.000000000000000021e-08 1.130561764790817894e-02 1.013943632699811082e-02 9.461906604659675590e-03 8.786647800391534160e-03
1.389495494373138813e-08 1.513322430076829810e-02 1.357135704341369195e-02 1.266410813626434907e-02 1.175956373176402503e-02
1.930697728883249575e-08 2.001264928430187412e-02 1.794591430198829579e-02 1.674525565947066960e-02 1.554861839290497608e-02
2.682695795279727165e-08 2.607270586419923805e-02 2.337764373200271542e-02 2.181234162185802586e-02 2.025204892017743244e-02
3.727593720314937660e-08 3.336985578903368249e-02 2.991671402930635992e-02 2.791118040817670495e-02 2.591217573463851231e-02
5.179474679231212409e-08 4.185974698047466996e-02 3.752210404297752488e-02 3.500296847351781759e-02 3.249194719582292751e-02
7.196856730011513376e-08 5.138892619517759774e-02 4.605417701625200838e-02 4.295727906423320308e-02 3.986986579629750449e-02
9.999999999999999547e-08 6.171142596728411422e-02 5.529209750670999179e-02 5.156612787555536759e-02 4.785143389859933261e-02
1.389495494373135967e-07 7.251179473369775974e-02 6.495058244429650907e-02 6.056344026225857907e-02 5.618970309196193169e-02
1.930697728883249708e-07 8.342795809689865227e-02 7.470515985769929368e-02 6.964460143328927988e-02 6.460119142566339567e-02
2.682695795279727496e-07 9.409474558675495759e-02 8.422405850490495560e-02 7.850270653872112869e-02 7.279888001504045136e-02
3.727593720314938057e-07 1.042009481258026615e-01 9.323097848852020253e-02 8.687687461915914733e-02 8.054204388823060778e-02
5.179474679231212542e-07 1.135449131717457261e-01 1.015421397650746460e-01 9.459745843165962009e-02 8.767397329854334509e-02
7.196856730011514170e-07 1.220301867506308757e-01 1.090700738557393717e-01 1.015828473874058197e-01 9.411943325740486366e-02
9.999999999999999547e-07 1.296381633221425633e-01 1.157989861376799018e-01 1.078178129623897502e-01 9.986298842522804697e-02
1.389495494373135967e-06 1.364034742184994098e-01 1.217550531975301747e-01 1.133306379623556376e-01 1.049323144250488699e-01
1.930697728883249761e-06 1.423902380042076921e-01 1.269971468170920381e-01 1.181720684465601412e-01 1.093755018246485994e-01
2.682695795279727390e-06 1.476709004880937259e-01 1.315818991773953228e-01 1.223984083532655004e-01 1.132466932750691990e-01
3.727593720314938057e-06 1.523104118028037468e-01 1.355675101065059729e-01 1.260658998296282918e-01 1.165940314638380798e-01
5.179474679231202166e-06 1.563721134672935997e-01 1.390086805611784049e-01 1.292214554070680310e-01 1.194645115845224537e-01
7.196856730011513747e-06 1.599144599941890177e-01 1.419515642157504753e-01 1.319108772281708808e-01 1.219022668449832036e-01
1.000000000000000082e-05 1.629888491388825356e-01 1.444390386500261914e-01 1.341744880086420955e-01 1.239439992075923452e-01
1.389495494373136094e-05 1.656372218549076181e-01 1.465068260908022335e-01 1.360459122268155574e-01 1.256205651797545897e-01
1.930697728883249591e-05 1.678976403492047076e-01 1.481840213716385801e-01 1.375525775721957167e-01 1.269577522090091226e-01
2.682695795279727390e-05 1.697966271372122471e-01 1.494977769009387392e-01 1.387200759995551591e-01 1.279796164871462860e-01
3.727593720314938141e-05 1.713687298913534884e-01 1.504782629213652911e-01 1.395767708570536392e-01 1.287127430565062070e-01
5.179474679231202335e-05 1.726435487894910359e-01 1.511562695914963061e-01 1.401515655720580733e-01 1.291841783965926027e-01
7.196856730011514085e-05 1.736500854721761133e-01 1.515689199495900419e-01 1.404792009084038229e-01 1.294263191960527970e-01
1.000000000000000048e-04 1.744652239234851521e-01 1.518007120959731227e-01 1.406382986638636257e-01 1.295120088690632776e-01
1.389495494373135993e-04 1.752412127866265767e-01 1.519990323331943116e-01 1.407656533843101299e-01 1.295686067575284317e-01
1.930697728883249591e-04 1.761326082320906761e-01 1.523005762939299013e-01 1.409879420720134557e-01 1.297122814436172111e-01
2.682695795279721766e-04 1.772073197907190201e-01 1.527533424549583074e-01 1.413487347163902563e-01 1.299825668414889279e-01
3.727593720314937870e-04 1.784310108709154241e-01 1.533076084349262458e-01 1.418022808611649199e-01 1.303371862314969265e-01
5.179474679231213042e-04 1.796943293271404118e-01 1.538427289179393753e-01 1.422370604205017430e-01 1.306734703071960602e-01
7.196856730011514085e-04 1.808263632606147420e-01 1.541980181935527494e-01 1.425042509087093290e-01 1.308546650297590652e-01
1.000000000000000021e-03 1.816725491062528841e-01 1.542302108830954643e-01 1.424724381079042201e-01 1.307593204629541594e-01
