# Thickness[m] 	 Eta as fraction for Lambertian scatterer with Qi = 1.0, 0.01, 1E-4, 1E-6
1.000000000000000021e-08 5.160440336049763183e-02 4.770887965157292326e-02 4.459102800950846129e-02 4.148054065915521976e-02
1.389495494373138813e-08 6.029658105310579247e-02 5.573100961658673108e-02 5.208035504571662672e-02 4.843846912269048760e-02
1.930697728883249575e-08 6.935573243518868003e-02 6.408679626867884449e-02 5.987698222293417333e-02 5.567852893432578831e-02
2.682695795279727165e-08 7.859498226529396114e-02 7.260012899266918285e-02 6.781837716991696852e-02 6.304814252038169753e-02
3.727593720314937660e-08 8.782588508932577531e-02 8.109681322430313533e-02 7.573874985834368190e-02 7.039344232087654807e-02
5.179474679231212409e-08 9.687307553974788821e-02 8.941111940632733013e-02 8.348441515544843816e-02 7.757258080948707668e-02
7.196856730011513376e-08 1.055826054768037453e-01 9.739979577265128752e-02 9.092158339580176662e-02 8.445935780052880870e-02
9.999999999999999547e-08 1.138319903932029920e-01 1.049467842135219375e-01 9.794198337867290882e-02 9.095435614329147600e-02
1.389495494373135967e-07 1.215316308955298880e-01 1.119668157956160981e-01 1.044652533932800831e-01 9.698373045654291869e-02
1.930697728883249708e-07 1.286241157231787224e-01 1.184054748330195528e-01 1.104412585375610795e-01 1.024979942415816803e-01
2.682695795279727496e-07 1.350819342598988948e-01 1.242314615693368152e-01 1.158426334126316931e-01 1.074761426232306166e-01
3.727593720314938057e-07 1.409044749622555825e-01 1.294453016920171229e-01 1.206677627260010210e-01 1.119126669655241130e-01
5.179474679231212542e-07 1.461131801473702085e-01 1.340601445566258487e-01 1.249301164617953042e-01 1.158270656460115150e-01
7.196856730011514170e-07 1.507405597167169320e-01 1.381049597797641693e-01 1.286596780753313518e-01 1.192415293259377201e-01
9.999999999999999547e-07 1.548259502554457656e-01 1.416166884399030768e-01 1.318890983682647622e-01 1.221881016462515734e-01
1.389495494373135967e-06 1.584138525608026760e-01 1.446333229640967000e-01 1.346532900031656155e-01 1.247007290643608601e-01
1.930697728883249761e-06 1.615425591534378480e-01 1.471916668886698865e-01 1.369882685232441666e-01 1.268134436802273723e-01
2.682695795279727390e-06 1.642546636681574135e-01 1.493295812258697564e-01 1.389297051175470421e-01 1.285601833208379896e-01
3.727593720314938057e-06 1.665864712766778888e-01 1.510865903182874170e-01 1.405147775331321292e-01 1.299746520675584271e-01
5.179474679231202166e-06 1.685816996587258809e-01 1.525068759348368330e-01 1.417849505553651912e-01 1.310956334752695907e-01
7.196856730011513747e-06 1.702905360485625075e-01 1.536411356694704355e-01 1.427876944090961941e-01 1.319674181529826296e-01
1.000000000000000082e-05 1.717699988555135004e-01 1.545453591319378428e-01 1.435753342599940807e-01 1.326387259383159656e-01
1.389495494373136094e-05 1.730799549306882568e-01 1.552757850556519825e-01 1.442003532818609823e-01 1.331585727435077582e-01
1.930697728883249591e-05 1.742753611395442270e-01 1.558812484679339139e-01 1.447082816098002878e-01 1.335697799746262682e-01
2.682695795279727390e-05 1.753990415502197364e-01 1.563956703854678665e-01 1.451307335982269520e-01 1.339010612490586782e-01
3.727593720314938141e-05 1.764743898300909219e-01 1.568336440897110939e-01 1.454812824981766839e-01 1.341650301678644353e-01
5.179474679231202335e-05 1.774987335853510095e-01 1.571919047273629688e-01 1.457557459439250136e-01 1.343579011394752942e-01
7.196856730011514085e-05 1.784595059553622520e-01 1.574518499897518964e-01 1.459380748962830765e-01 1.344649551790936259e-01
1.000000000000000048e-04 1.793363033392956774e-01 1.575944295579457533e-01 1.460107259213940800e-01 1.344700753159963069e-01
1.389495494373135993e-04 1.801114134187149496e-01 1.576064473823994005e-01 1.459632533484679640e-01 1.343622081513070610e-01
1.930697728883249591e-04 1.807755706842859300e-01 1.574805684724738530e-01 1.457874353515326848e-01 1.341353496334906914e-01
2.682695795279721766e-04 1.813166056006111915e-01 1.572144710765701892e-01 1.454812636479002608e-01 1.337878010426015729e-01
3.727593720314937870e-04 1.817375139861234778e-01 1.568121693203565481e-01 1.450486015958418751e-01 1.333232793281827477e-01
5.179474679231213042e-04 1.820409789449315974e-01 1.562842064693876765e-01 1.444993071895217807e-01 1.327533776896130668e-01
7.196856730011514085e-04 1.822407192898243822e-01 1.556490331744049549e-01 1.438482009209790247e-01 1.320896960927317176e-01
1.000000000000000021e-03 1.823567469510935790e-01 1.549250783753300942e-01 1.431148821285323225e-01 1.313502268137956841e-01
