# Thickness[m] 	 Eta as fraction for Flat scatterer with Qi = 1.0, 0.01, 1E-4, 1E-6
1.000000000000000021e-08 8.657308088915060054e-03 7.612415881049381002e-03 6.947508639597869268e-03 6.285085606247436951e-03
1.389495494373138813e-08 1.182875205696816596e-02 1.040070131531821776e-02 9.491844343533652195e-03 8.586698293873965340e-03
1.930697728883249575e-08 1.606495836338850750e-02 1.412476346659436409e-02 1.289008658590572350e-02 1.166030651304403483e-02
2.682695795279727165e-08 2.164635368211399041e-02 1.903064524905088983e-02 1.736640191767760411e-02 1.570830266706071954e-02
3.727593720314937660e-08 2.887095340908088850e-02 2.537994367389783193e-02 2.315836467171141638e-02 2.094585293159082276e-02
5.179474679231212409e-08 3.801554949748246759e-02 3.341455331324561656e-02 3.048701427876467085e-02 2.757072195965012962e-02
7.196856730011513376e-08 4.927945977657986060e-02 4.330813787422561900e-02 3.950929232047728501e-02 3.572458298857480313e-02
9.999999999999999547e-08 6.271785598663337513e-02 5.510686659861554343e-02 5.026498427861671170e-02 4.544142954946451401e-02
1.389495494373135967e-07 7.818126473486622374e-02 6.867622477131977987e-02 6.262937001765517264e-02 5.660744413759520588e-02
1.930697728883249708e-07 9.528311380343169879e-02 8.367243052070309772e-02 7.628822108746290132e-02 6.893191546405837145e-02
2.682695795279727496e-07 1.134071411611788233e-01 9.955043331570083420e-02 9.074019003839489672e-02 8.196318931032824107e-02
3.727593720314938057e-07 1.317741867003926204e-01 1.156220966586530008e-01 1.053540321798905194e-01 9.512766118073580357e-02
5.179474679231212542e-07 1.495861864463659263e-01 1.311828957727245171e-01 1.194912795622305457e-01 1.078446979351785490e-01
7.196856730011514170e-07 1.662336342513277831e-01 1.456969100375263559e-01 1.326556101928358655e-01 1.196677116843657268e-01
9.999999999999999547e-07 1.814145743545388101e-01 1.588972982810241685e-01 1.446099703377854429e-01 1.303812894112270637e-01
1.389495494373135967e-06 1.951092412938350562e-01 1.707653129012340343e-01 1.553386068865831859e-01 1.399724958162535671e-01
1.930697728883249761e-06 2.074203158814366399e-01 1.813940282667519943e-01 1.649224145463181468e-01 1.485157077264170900e-01
2.682695795279727390e-06 2.184507696181147984e-01 1.908658596917347239e-01 1.734415317303113768e-01 1.560902937082464248e-01
3.727593720314938057e-06 2.282697948314890146e-01 1.992390510858670638e-01 1.809517896552326477e-01 1.627378098026909803e-01
5.179474679231202166e-06 2.369326868416050391e-01 2.065597995000660603e-01 1.874954096111005053e-01 1.685083804851323086e-01
7.196856730011513747e-06 2.445044947653994827e-01 2.128813449398909152e-01 1.931158456832835213e-01 1.734370385437603579e-01
1.000000000000000082e-05 2.510599642928551534e-01 2.182554610969504316e-01 1.978723902008451829e-01 1.775745698600885991e-01
1.389495494373136094e-05 2.566851073271312345e-01 2.227545791688128607e-01 2.018277579481234096e-01 1.809876482672031772e-01
1.930697728883249591e-05 2.614854655241063419e-01 2.264633272383369533e-01 2.050586187776072544e-01 1.837426796279233165e-01
2.682695795279727390e-05 2.655673064842833386e-01 2.294678857257392013e-01 2.076444339609506140e-01 1.859118766239613030e-01
3.727593720314938141e-05 2.690226919619821966e-01 2.318454156317701631e-01 2.096558000278423428e-01 1.875598373525582396e-01
5.179474679231202335e-05 2.719306931644847602e-01 2.336570214991389449e-01 2.111497267470752726e-01 1.887388090099925420e-01
7.196856730011514085e-05 2.743441990693070709e-01 2.349535387936414477e-01 2.121738550465491480e-01 1.894925102618090218e-01
1.000000000000000048e-04 2.763317559161781456e-01 2.357901139042901106e-01 2.127785612445777519e-01 1.898669940891003494e-01
1.389495494373135993e-04 2.779609600366635402e-01 2.362367756270103702e-01 2.130270135964217604e-01 1.899196253065298934e-01
1.930697728883249591e-04 2.793269291705094415e-01 2.363778200315826139e-01 2.129967130446273893e-01 1.897204026134861610e-01
2.682695795279721766e-04 2.805384352056552455e-01 2.362993716128272970e-01 2.127659739778400283e-01 1.893398284914897256e-01
3.727593720314937870e-04 2.816444671885351414e-01 2.360370971739589596e-01 2.123673670954194515e-01 1.888073784168587399e-01
5.179474679231213042e-04 2.826074021942827641e-01 2.355310563190554096e-01 2.117471703275675687e-01 1.880755498861186592e-01
7.196856730011514085e-04 2.833226399050840505e-01 2.346791073857975030e-01 2.108138088135812216e-01 1.870633341892538326e-01
1.000000000000000021e-03 2.837293025466708363e-01 2.334511926452158825e-01 2.095408997661386552e-01 1.857488883532738555e-01
