# Thickness[m] 	 Eta as fraction for Lambertian scatterer with Qi = 1.0, 0.01, 1E-4, 1E-6
1.000000000000000021e-08 3.236960480651183969e-02 2.925826136161178634e-02 2.676471392566668120e-02 2.427999289567235597e-02
1.389495494373138813e-08 4.122892601464110685e-02 3.725984134706593343e-02 3.407949860617300736e-02 3.091033513850926367e-02
1.930697728883249575e-08 5.168108512726323628e-02 4.669637034065283326e-02 4.270394883515504780e-02 3.872435954440597849e-02
2.682695795279727165e-08 6.369514339692174121e-02 5.753813895391410305e-02 5.260760566293048307e-02 4.769355566010567704e-02
3.727593720314937660e-08 7.713231103406481548e-02 6.965694573191683059e-02 6.367424505425976766e-02 5.770998234039825120e-02
5.179474679231212409e-08 9.175085209157818333e-02 8.283109673943063467e-02 7.569720362097251409e-02 6.858531541234456907e-02
7.196856730011513376e-08 1.072155841498402401e-01 9.675715628457012829e-02 8.839693784218118078e-02 8.006297669790607419e-02
9.999999999999999547e-08 1.231372539683594225e-01 1.110770352634468661e-01 1.014443219271154717e-01 9.184650977285647999e-02
1.389495494373135967e-07 1.391012113544514706e-01 1.254142791250603961e-01 1.144996759226192123e-01 1.036197505312838885e-01
1.930697728883249708e-07 1.547190541013048759e-01 1.394150231078224444e-01 1.272326232453804273e-01 1.150901874392897678e-01
2.682695795279727496e-07 1.696508313518306221e-01 1.527707406579067451e-01 1.393627160185869907e-01 1.259997144532777058e-01
3.727593720314938057e-07 1.836363729824055935e-01 1.652403915225093278e-01 1.506721234479082017e-01 1.361513891429213530e-01
5.179474679231212542e-07 1.965055493428573830e-01 1.766701275815804606e-01 1.610165975787302139e-01 1.454152915406408120e-01
7.196856730011514170e-07 2.081822785379982554e-01 1.869836859325890999e-01 1.703302788097086629e-01 1.537388401199958066e-01
9.999999999999999547e-07 2.186717760292303248e-01 1.961802233169822884e-01 1.786191621873100266e-01 1.611177488428345572e-01
1.389495494373135967e-06 2.280304454235225764e-01 2.043105886471869859e-01 1.859197825857006880e-01 1.675976170644485341e-01
1.930697728883249761e-06 2.363326538232660978e-01 2.114329408250030795e-01 1.922947108468900657e-01 1.732262092972787215e-01
2.682695795279727390e-06 2.436522551173562201e-01 2.176074864292605049e-01 1.978006511201143569e-01 1.780643858495529752e-01
3.727593720314938057e-06 2.500607154559883472e-01 2.228985684176903181e-01 2.024909324956536971e-01 1.821591850718580485e-01
5.179474679231202166e-06 2.556334418977576628e-01 2.273675074022309395e-01 2.064240593476027175e-01 1.855634495885188640e-01
7.196856730011513747e-06 2.604460323925770204e-01 2.310767583670272352e-01 2.096604992109145915e-01 1.883330121240162081e-01
1.000000000000000082e-05 2.645675234333977333e-01 2.340933033178608236e-01 2.122634693636232806e-01 1.905249578679585887e-01
1.389495494373136094e-05 2.680857798558883842e-01 2.364854572264002697e-01 2.142950734359893028e-01 1.921972111770237357e-01
1.930697728883249591e-05 2.710693689625305880e-01 2.383214693698545439e-01 2.158171258537651405e-01 1.934073785571712722e-01
2.682695795279727390e-05 2.735937025911495124e-01 2.396667972770597510e-01 2.168899404188610880e-01 1.942105216238168286e-01
3.727593720314938141e-05 2.757268396059830429e-01 2.405806243439750636e-01 2.175680052348343829e-01 1.946563358779935249e-01
5.179474679231202335e-05 2.775245398622237514e-01 2.411125208071248360e-01 2.178969711689654754e-01 1.947864722758890221e-01
7.196856730011514085e-05 2.790419797348472897e-01 2.413010580172103015e-01 2.179135457261798803e-01 1.946334666742853825e-01
1.000000000000000048e-04 2.803024926764383640e-01 2.411757613731866645e-01 2.176453007495357528e-01 1.942223807624144927e-01
1.389495494373135993e-04 2.813357124471854709e-01 2.407612271482679756e-01 2.171141391379289853e-01 1.935741769643660737e-01
1.930697728883249591e-04 2.821638184700540619e-01 2.400815796843907557e-01 2.163423489277829237e-01 1.927093379250877370e-01
2.682695795279721766e-04 2.828049245916423593e-01 2.391654283132351178e-01 2.153542411325782557e-01 1.916500984819037301e-01
3.727593720314937870e-04 2.832851229290929695e-01 2.380389866664675558e-01 2.141738837304699716e-01 1.904184147560681883e-01
5.179474679231213042e-04 2.836113258531718917e-01 2.367239756632955328e-01 2.128228624663467405e-01 1.890339677474940916e-01
7.196856730011514085e-04 2.838085324563806022e-01 2.352482091357145921e-01 2.113265980733451677e-01 1.875197944759130209e-01
1.000000000000000021e-03 2.839059711094351623e-01 2.336519390248604500e-01 2.097216443693756260e-01 1.859092819807696140e-01
